iters 1000000
do_errors
xdd "filepath"
	r_exp  2.30600227 r_exp_dash  5.4359334 r_wp  7.39892491 r_wp_dash  17.4414673 r_p  8.89429257 r_p_dash  10.1837921 weighted_Durbin_Watson  0.168249985 gof  3.20855058
	x_calculation_step 0.005
	range 1
	bkg @  24.4713337`_0.303084743  4.4343212`_0.283043953 -0.919408956`_0.192681179 -0.54618334`_0.226366203  1.38021991`_0.216367297  1.46383292`_0.241067619 -0.0368460491`_0.176118264  1.0484291`_0.130542867  0.183731223`_0.159376515
	start_X  5.05
	finish_X  17.4
	LP_Factor( 90)
	Rp 217.5
	Rs 217.5
	lam
		ymin_on_ymax  0.001
		la  1 lo  0.2362 lh  0.1_LIMIT_MIN_1e-006 lg  0_LIMIT_MIN_1e-006

str
space_group Im3m
		phase_name "Ferrite"
		TCHZ_Peak_Type(, 0.1096308,, 0,, 0.0006322811,, 0,, 0.06347272,, 0)
		Cubic(afe  2.867730`_0.000000)
		site Fe num_posns  2 x  0 y  0 z  0 occ Fe  1 beq  0.25
		'site  Fe x 0.	y 0.	z 0.    occ Fe  1  beq  0.35710_0.02221
	   MVW( 111.690, 23.584`_0.000, 94.419`_0.246)


'		PO_Spherical_Harmonics(sh, 8 load sh_Cij_prm {
'			k00   sh_c00  0.53866_0.00200
'			k41   sh_c41   0.02245_0.00794
'			k61   sh_c61   0.00197_0.00570
'			k81   sh_c81  -0.04318_0.00756
'			} )
      
   prm !AEdge  0.25791427817880497
   prm !BEdge  -0.33479840721928833
   prm !AScrew  0.2619492034848472
   prm !BScrew  -0.7010093777113757
 'prm !AEdge 0.26476
	'prm !BEdge -0.34678
	'prm !AScrew 0.305515
	'prm !BScrew -0.806017
	prm !re  25 min 0.1 'val_on_continue = Rand(0, 0.1);   ' in nm
	prm rho  0.00086`_0.00002 '= Rand(0, 0.1);  ' in unita' x nm^-2
	prm fE  0.49994`_0.05830_LIMIT_MAX_0.5 max 0.5 min 0
	prm ACaF2 = AEdge*fE+AScrew*(1-fE); :  0.25993`_0.00024
	prm BCaF2 = BEdge*fE+BScrew*(1-fE); : -0.51793`_0.02135
	prm E1 = ACaF2; :  0.25993`_0.00024
	prm E2 = ACaF2+BCaF2/2; :  0.00097`_0.01044
	prm burgers = afe*0.866025; :  2.48353`_0.00000 ' Burgers vector modulus for bcc primary slip
	WPPM_Strain_InvariantWilkens( ,rho, ,re, burgers, 229, E1, E2)
	
		scale @  0.000229043406`_1.817e-006
	r_bragg  8.3287141
	
str 
	LVol_FWHM_CS_G_L( 1, 2.86793`_0.14595, 0.89, 4.00938`_0.20404,,,@, 4.50493`_0.22926)
	TCHZ_Peak_Type(, 0.1096308,, 0,, 0.0006322811,, 0,, 0.06347272,, 0)
	r_bragg  4.17992647
	phase_MAC  1.5777923
	phase_name "Fe3C"
	MVW( 718.183, 156.004`_0.461, 5.581`_0.246)
	space_group Pnma
	scale @  3.18281486e-007`_1.464e-008
	Phase_LAC_1_on_cm( 12.06139`_0.03567)
	Phase_Density_g_on_cm3( 7.64447`_0.02261)
	a @  5.084045`_0.008880
	b @  6.785730`_0.012271
	c @  4.522003`_0.007043
	site Fe1 num_posns  8 x  0.1846 y  0.0594 z  0.334 occ Fe  1 beq  0.947482023
	site Fe2 num_posns  4 x  0.0346 y  0.25 z  0.8377 occ Fe  1 beq  0.947482023
	site C num_posns  4 x  0.8984 y  0.25 z  0.4467 occ C  1 beq  2.28974822
C_matrix_normalized
{
                             1   2   3   4   5   6   7   8   9  10  11  12  13  14  15  16  17  18
bkg19499712            1:  100 -51  29  68 -37  77 -29  -4  64   1  24 -12 -11 -10  12   2 -89  62
bkg19503040            2:  -51 100  33  -1  65 -29  51  29 -36   0 -13   5  -5  10  -9   3  69 -53
bkg19503296            3:   29  33 100  38  56  22  46  26  24   0   1   1   0  -5  -1  -2   0   4
bkg19503552            4:   68  -1  38 100 -14  84  -9  27  53  -1   9  -5   7  -5   9   4 -62  39
bkg19503808            5:  -37  65  56 -14 100 -31  76  22 -10   0 -10   3  -1   5  -6   2  60 -40
bkg19504064            6:   77 -29  22  84 -31 100 -18  29  59  -1  11  -6   6 -10  12   2 -75  48
bkg19504320            7:  -29  51  46  -9  76 -18 100  30  11   0  -7  -2   5   5   3   4  46 -26
bkg19504576            8:   -4  29  26  27  22  29  30 100   8   0  -4  -9  13  -5  -5 -15  12  -7
bkg19504832            9:   64 -36  24  53 -10  59  11   8 100  -1   8  -5   6 -12  15   7 -61  40
afe                   10:    1   0   0  -1   0  -1   0   0  -1 100   4  -6  -3   1  -3   0   1   1
scale21151696_        11:   24 -13   1   9 -10  11  -7  -4   8   4 100 -46  -6   2  -1   0 -18   8
rho                   12:  -12   5   1  -5   3  -6  -2  -9  -5  -6 -46 100 -52  -0   1  -0   8  -3
fE                    13:  -11  -5   0   7  -1   6   5  13   6  -3  -6 -52 100   1  -3   1  -7  -0
a25593792_            14:  -10  10  -5  -5   5 -10   5  -5 -12   1   2  -0   1 100 -48 -23   7  -3
b25593992_            15:   12  -9  -1   9  -6  12   3  -5  15  -3  -1   1  -3 -48 100 -23  -9  11
c25594192_            16:    2   3  -2   4   2   2   4 -15   7   0   0  -0   1 -23 -23 100  -3  -9
scale21151888_        17:  -89  69   0 -62  60 -75  46  12 -61   1 -18   8  -7   7  -9  -3 100 -64
m6716b115_4           18:   62 -53   4  39 -40  48 -26  -7  40   1   8  -3  -0  -3  11  -9 -64 100
}